%  height (km)     pressure (hPa)   temperature (K)	   N/A	           N/A     specific hum	(kg/kg)   RH (%)    MSE             MSE* (saturated MSE)	           
%
   0.0000000e+00   1.0130000e+03   3.0000000e+02   1.9000000e+01   5.6000000e-05   1.6149062e-02   7.2867360e-01   3.4187266e+05   3.5690568e+05
   2.5000000e-01   9.8575000e+02   2.9852500e+02   1.7500000e+01   5.6000000e-05   1.5210163e-02   7.3020869e-01   3.4049303e+05   3.5454234e+05
   5.0000000e-01   9.5850000e+02   2.9705000e+02   1.6000000e+01   5.6000000e-05   1.4231128e-02   7.2699742e-01   3.3901307e+05   3.5237328e+05
   7.5000000e-01   9.3125000e+02   2.9557500e+02   1.4500000e+01   5.6000000e-05   1.3208433e-02   7.1806690e-01   3.3742396e+05   3.5038896e+05
   1.0000000e+00   9.0400000e+02   2.9410000e+02   1.3000000e+01   5.6000000e-05   1.2138132e-02   7.0227973e-01   3.3571583e+05   3.4858025e+05
   1.2500000e+00   8.7925000e+02   2.9267500e+02   1.2072500e+01   5.5500000e-05   1.1533267e-02   7.0994633e-01   3.3522154e+05   3.4700154e+05
   1.5000000e+00   8.5450000e+02   2.9125000e+02   1.1145000e+01   5.5000000e-05   1.0902242e-02   7.1407027e-01   3.3466186e+05   3.4557561e+05
   1.7500000e+00   8.2975000e+02   2.8982500e+02   1.0217500e+01   5.4500000e-05   1.0242716e-02   7.1386268e-01   3.3403091e+05   3.4429488e+05
   2.0000000e+00   8.0500000e+02   2.8840000e+02   9.2900000e+00   5.4000000e-05   9.5520588e-03   7.0839763e-01   3.3332215e+05   3.4315209e+05
   2.2500000e+00   7.8250000e+02   2.8720000e+02   8.1425000e+00   5.3250000e-05   8.5770858e-03   6.6882507e-01   3.3212871e+05   3.4274627e+05
   2.5000000e+00   7.6000000e+02   2.8600000e+02   6.9950000e+00   5.2500000e-05   7.5547841e-03   6.1931913e-01   3.3081696e+05   3.4242633e+05
   2.7500000e+00   7.3750000e+02   2.8480000e+02   5.8475000e+00   5.1750000e-05   6.4808219e-03   5.5840740e-01   3.2937605e+05   3.4218876e+05
   3.0000000e+00   7.1500000e+02   2.8360000e+02   4.7000000e+00   5.1000000e-05   5.3503222e-03   4.8441628e-01   3.2779381e+05   3.4203021e+05
   3.2500000e+00   6.9450000e+02   2.8205000e+02   4.1900000e+00   5.0000000e-05   4.8837089e-03   4.7705623e-01   3.2751952e+05   3.4090319e+05
   3.5000000e+00   6.7400000e+02   2.8050000e+02   3.6800000e+00   4.9000000e-05   4.3954433e-03   4.6337122e-01   3.2719111e+05   3.3991698e+05
   3.7500000e+00   6.5350000e+02   2.7895000e+02   3.1700000e+00   4.8000000e-05   3.8834877e-03   4.4194218e-01   3.2680347e+05   3.3906305e+05
   4.0000000e+00   6.3300000e+02   2.7740000e+02   2.6600000e+00   4.7000000e-05   3.3455404e-03   4.1107445e-01   3.2635085e+05   3.3833332e+05
   4.2500000e+00   6.1450000e+02   2.7572500e+02   2.3775000e+00   4.6500000e-05   3.0616580e-03   4.1122570e-01   3.2640777e+05   3.3736663e+05
   4.5000000e+00   5.9600000e+02   2.7405000e+02   2.0950000e+00   4.6000000e-05   2.7647093e-03   4.0614280e-01   3.2643202e+05   3.3653834e+05
   4.7500000e+00   5.7750000e+02   2.7237500e+02   1.8125000e+00   4.5500000e-05   2.4534384e-03   3.9439675e-01   3.2642047e+05   3.3583872e+05
   5.0000000e+00   5.5900000e+02   2.7070000e+02   1.5300000e+00   4.5000000e-05   2.1264236e-03   3.7423517e-01   3.2636956e+05   3.3525863e+05
   5.2500000e+00   5.4225000e+02   2.6902500e+02   1.3625000e+00   4.4500000e-05   1.9400436e-03   3.7517753e-01   3.2667023e+05   3.3474763e+05
   5.5000000e+00   5.2550000e+02   2.6735000e+02   1.1950000e+00   4.4000000e-05   1.7448467e-03   3.7100260e-01   3.2694887e+05   3.3434439e+05
   5.7500000e+00   5.0875000e+02   2.6567500e+02   1.0275000e+00   4.3500000e-05   1.5399620e-03   3.6022498e-01   3.2720328e+05   3.3404088e+05
   6.0000000e+00   4.9200000e+02   2.6400000e+02   8.6000000e-01   4.3000000e-05   1.3244000e-03   3.4100485e-01   3.2743100e+05   3.3382954e+05
   6.2500000e+00   4.7700000e+02   2.6232500e+02   7.6275000e-01   4.2500000e-05   1.2038861e-03   3.4262169e-01   3.2789634e+05   3.3367099e+05
   6.5000000e+00   4.6200000e+02   2.6065000e+02   6.6550000e-01   4.2000000e-05   1.0775705e-03   3.3920737e-01   3.2834718e+05   3.3359508e+05
   6.7500000e+00   4.4700000e+02   2.5897500e+02   5.6825000e-01   4.1500000e-05   9.4486913e-04   3.2920716e-01   3.2878205e+05   3.3359521e+05
   7.0000000e+00   4.3200000e+02   2.5730000e+02   4.7100000e-01   4.1000000e-05   8.0511672e-04   3.1067455e-01   3.2919929e+05   3.3366528e+05
   7.2500000e+00   4.1850000e+02   2.5562500e+02   4.1575000e-01   4.0500000e-05   7.2882291e-04   3.1277285e-01   3.2977518e+05   3.3377862e+05
   7.5000000e+00   4.0500000e+02   2.5395000e+02   3.6050000e-01   4.0000000e-05   6.4875446e-04   3.0987479e-01   3.3034164e+05   3.3395375e+05
   7.7500000e+00   3.9150000e+02   2.5227500e+02   3.0525000e-01   3.9500000e-05   5.6452089e-04   3.0033677e-01   3.3089768e+05   3.3418544e+05
   8.0000000e+00   3.7800000e+02   2.5060000e+02   2.5000000e-01   3.9000000e-05   4.7567593e-04   2.8207740e-01   3.3144219e+05   3.3446883e+05
   8.2500000e+00   3.6575000e+02   2.4890000e+02   2.1775000e-01   3.9000000e-05   4.2528555e-04   2.8287077e-01   3.3205771e+05   3.3475316e+05
   8.5000000e+00   3.5350000e+02   2.4720000e+02   1.8550000e-01   3.9000000e-05   3.7229299e-04   2.7799540e-01   3.3266673e+05   3.3508401e+05
   8.7500000e+00   3.4125000e+02   2.4550000e+02   1.5325000e-01   3.9000000e-05   3.1641803e-04   2.6548390e-01   3.3326855e+05   3.3545713e+05
   9.0000000e+00   3.2900000e+02   2.4380000e+02   1.2100000e-01   3.9000000e-05   2.5733868e-04   2.4280961e-01   3.3386235e+05   3.3586859e+05
   9.2500000e+00   3.1825000e+02   2.4215000e+02   1.0300000e-01   3.9000000e-05   2.2492368e-04   2.3886932e-01   3.3457306e+05   3.3636480e+05
   9.5000000e+00   3.0750000e+02   2.4050000e+02   8.5000000e-02   3.9000000e-05   1.9079667e-04   2.2827971e-01   3.3527949e+05   3.3689201e+05
   9.7500000e+00   2.9675000e+02   2.3885000e+02   6.7000000e-02   3.9000000e-05   1.5477158e-04   2.0880911e-01   3.3598118e+05   3.3744728e+05
   1.0000000e+01   2.8600000e+02   2.3720000e+02   4.9000000e-02   3.9000000e-05   1.1663439e-04   1.7758936e-01   3.3667759e+05   3.3802791e+05
   1.0250000e+01   2.7625000e+02   2.3550000e+02   4.1225000e-02   3.9500000e-05   1.0086284e-04   1.7494309e-01   3.3737966e+05   3.3856887e+05
   1.0500000e+01   2.6650000e+02   2.3380000e+02   3.3450000e-02   4.0000000e-05   8.4221954e-05   1.6659682e-01   3.3807955e+05   3.3913286e+05
   1.0750000e+01   2.5675000e+02   2.3210000e+02   2.5675000e-02   4.0500000e-05   6.6612700e-05   1.5043788e-01   3.3877703e+05   3.3971748e+05
   1.1000000e+01   2.4700000e+02   2.3040000e+02   1.7900000e-02   4.1000000e-05   4.7920402e-05   1.2369180e-01   3.3947180e+05   3.4032054e+05
   1.1250000e+01   2.3850000e+02   2.2875000e+02   1.4945000e-02   4.1500000e-05   4.1138697e-05   1.2149514e-01   3.4024660e+05   3.4099026e+05
   1.1500000e+01   2.3000000e+02   2.2710000e+02   1.1990000e-02   4.2000000e-05   3.3977418e-05   1.1494910e-01   3.4102044e+05   3.4167447e+05
   1.1750000e+01   2.2150000e+02   2.2545000e+02   9.0350000e-03   4.2500000e-05   2.6392867e-05   1.0240224e-01   3.4179323e+05   3.4237159e+05
   1.2000000e+01   2.1300000e+02   2.2380000e+02   6.0800000e-03   4.3000000e-05   1.8334368e-05   8.1672359e-02   3.4256484e+05   3.4308022e+05
   1.2250000e+01   2.0525000e+02   2.2210000e+02   5.0075000e-03   4.3500000e-05   1.5551355e-05   8.0350833e-02   3.4329938e+05   3.4374436e+05
   1.2500000e+01   1.9750000e+02   2.2040000e+02   3.9350000e-03   4.4000000e-05   1.2602918e-05   7.5636008e-02   3.4403351e+05   3.4441856e+05
   1.2750000e+01   1.8975000e+02   2.1870000e+02   2.8625000e-03   4.4500000e-05   9.4687879e-06   6.6098088e-02   3.4476717e+05   3.4510163e+05
   1.3000000e+01   1.8200000e+02   2.1700000e+02   1.7900000e-03   4.5000000e-05   6.1252423e-06   4.9800138e-02   3.4550031e+05   3.4579249e+05
   1.3250000e+01   1.7550000e+02   2.1535000e+02   1.5890000e-03   4.5000000e-05   5.5959464e-06   5.3125469e-02   3.4629074e+05   3.4654009e+05
   1.3500000e+01   1.6900000e+02   2.1370000e+02   1.3880000e-03   4.5000000e-05   5.0371998e-06   5.5927797e-02   3.4708109e+05   3.4729367e+05
   1.3750000e+01   1.6250000e+02   2.1205000e+02   1.1870000e-03   4.5000000e-05   4.4454684e-06   5.7814383e-02   3.4787136e+05   3.4805248e+05
   1.4000000e+01   1.5600000e+02   2.1040000e+02   9.8600000e-04   4.5000000e-05   3.8166290e-06   5.8227359e-02   3.4866154e+05   3.4881587e+05
   1.4250000e+01   1.5000000e+02   2.0870000e+02   9.2875000e-04   4.5500000e-05   3.7086164e-06   6.7105966e-02   3.4940277e+05   3.4953166e+05
   1.4500000e+01   1.4400000e+02   2.0700000e+02   8.7150000e-04   4.6000000e-05   3.5954822e-06   7.7305417e-02   3.5014399e+05   3.5025128e+05
   1.4750000e+01   1.3800000e+02   2.0530000e+02   8.1425000e-04   4.6500000e-05   3.4765584e-06   8.8978551e-02   3.5088519e+05   3.5097418e+05
   1.5000000e+01   1.3200000e+02   2.0360000e+02   7.5700000e-04   4.7000000e-05   3.3510555e-06   1.0227070e-01   3.5162638e+05   3.5169992e+05
   1.5250000e+01   1.2675000e+02   2.0190000e+02   7.2700000e-04   4.7000000e-05   3.3235687e-06   1.2187075e-01   3.5236781e+05   3.5242768e+05
   1.5500000e+01   1.2150000e+02   2.0020000e+02   6.9700000e-04   4.7000000e-05   3.2961159e-06   1.4552249e-01   3.5310924e+05   3.5315763e+05
   1.5750000e+01   1.1625000e+02   1.9850000e+02   6.6700000e-04   4.7000000e-05   3.2687016e-06   1.7410848e-01   3.5385067e+05   3.5388943e+05
   1.6000000e+01   1.1100000e+02   1.9680000e+02   6.3700000e-04   4.7000000e-05   3.2413315e-06   2.0870755e-01   3.5459210e+05   3.5462283e+05
   1.6250000e+01   1.0667500e+02   1.9650000e+02   6.1325000e-04   5.2500000e-05   3.2420474e-06   2.0923551e-01   3.5674061e+05   3.5677124e+05
   1.6500000e+01   1.0235000e+02   1.9620000e+02   5.8950000e-04   5.8000000e-05   3.2432234e-06   2.0947663e-01   3.5888911e+05   3.5891971e+05
   1.6750000e+01   9.8025000e+01   1.9590000e+02   5.6575000e-04   6.3500000e-05   3.2449204e-06   2.0940419e-01   3.6103761e+05   3.6106824e+05
   1.7000000e+01   9.3700000e+01   1.9560000e+02   5.4200000e-04   6.9000000e-05   3.2472105e-06   2.0898950e-01   3.6318612e+05   3.6321684e+05
   1.7250000e+01   9.0000000e+01   1.9657500e+02   5.1850000e-04   7.4250000e-05   3.2502475e-06   1.7512239e-01   3.6661600e+05   3.6665427e+05
   1.7500000e+01   8.6300000e+01   1.9755000e+02   4.9500000e-04   7.9500000e-05   3.2520209e-06   1.4663728e-01   3.7004588e+05   3.7009319e+05
   1.7750000e+01   8.2600000e+01   1.9852500e+02   4.7150000e-04   8.4750000e-05   3.2523610e-06   1.2266964e-01   3.7347576e+05   3.7353391e+05
   1.8000000e+01   7.8900000e+01   1.9950000e+02   4.4800000e-04   9.0000000e-05   3.2510662e-06   1.0249700e-01   3.7690563e+05   3.7697680e+05
   1.8250000e+01   7.5825000e+01   2.0052500e+02   4.2850000e-04   1.0250000e-04   3.2522867e-06   8.5762119e-02   3.8038576e+05   3.8047243e+05
   1.8500000e+01   7.2750000e+01   2.0155000e+02   4.0900000e-04   1.1500000e-04   3.2520335e-06   7.1710314e-02   3.8386588e+05   3.8397112e+05
   1.8750000e+01   6.9675000e+01   2.0257500e+02   3.8950000e-04   1.2750000e-04   3.2501113e-06   5.9906277e-02   3.8734600e+05   3.8747351e+05
   1.9000000e+01   6.6600000e+01   2.0360000e+02   3.7000000e-04   1.4000000e-04   3.2462889e-06   4.9986999e-02   3.9082612e+05   3.9098036e+05
   1.9250000e+01   6.4075000e+01   2.0460000e+02   3.5450000e-04   1.5250000e-04   3.2487415e-06   4.2256130e-02   3.9428112e+05   3.9446521e+05
   1.9500000e+01   6.1550000e+01   2.0560000e+02   3.3900000e-04   1.6500000e-04   3.2499498e-06   3.5696913e-02   3.9773612e+05   3.9795561e+05
   1.9750000e+01   5.9025000e+01   2.0660000e+02   3.2350000e-04   1.7750000e-04   3.2497541e-06   3.0129656e-02   4.0119112e+05   4.0145265e+05
   2.0000000e+01   5.6500000e+01   2.0760000e+02   3.0800000e-04   1.9000000e-04   3.2479663e-06   2.5402898e-02   4.0464612e+05   4.0495765e+05
